file1 <- c(1, 2, 3, 4)